000 180 E72 D2E E33 EB6 FFC FB8 000 000 000 000 000 000 000 000 000 000 000 000 000 000 000 000 
000 000 FB8 FBD C26 BE7 DF3 D6E 040 000 000 000 000 000 000 000 000 000 000 000 000 000 000 000 
000 000 D2B A5F FFE 205 FFC FFF F79 000 000 000 000 000 000 000 000 000 000 000 000 000 000 000 
000 000 000 F34 DAD 6DA 699 FFD FFF 000 000 000 000 000 000 000 000 000 000 000 000 000 000 000 
000 000 000 000 000 000 000 EB5 FFD F34 000 000 000 000 000 000 000 000 000 000 000 000 000 000 
000 000 000 000 000 000 000 9DF FFF E32 000 000 000 000 000 000 000 000 000 000 000 000 000 000 
000 000 000 000 000 000 000 000 EF4 FFD DEF 000 000 000 000 000 000 000 000 000 000 000 000 000 
000 000 000 000 000 000 000 000 F34 FBA FFE F77 EB4 000 000 000 000 000 000 000 000 000 000 000 
000 000 000 000 000 000 000 000 000 000 B63 FFE DB0 080 000 000 000 000 000 000 000 000 000 000 
000 000 000 000 000 000 000 000 000 000 000 C26 E70 64E 000 000 000 000 000 000 000 000 000 000 
000 000 000 000 000 000 000 000 000 000 000 000 000 000 000 000 000 000 000 000 000 000 000 000 
000 000 000 000 000 000 000 000 000 000 000 000 000 000 000 000 000 000 000 000 000 000 000 000 
000 000 000 000 000 000 000 000 000 000 000 000 000 000 000 000 000 000 000 000 000 000 000 000 
000 000 000 000 000 000 000 000 000 000 000 000 000 000 000 000 000 000 000 000 000 000 000 000 
000 000 000 000 000 000 000 000 000 000 000 000 000 000 000 000 000 000 000 000 000 000 000 000 
000 000 000 000 000 000 000 000 000 000 000 000 000 000 000 000 000 000 000 000 000 000 000 000 